
##############################################################################################################################################
##############################################################################################################################################

#                Protein_scores		 Binding_site_length	       Starting_site	           E_3d	          E_3dc	        E_local	         E_pair	         E_s3dc	      E_s3dc_dd	      E_s3dc_di	
MODEL_SP_P35869_AHR_HUMAN:34:272_5NJ8_A_2_A_CAGCTGGCTGTG		                  12	                   1	       -860.192	        -13.076	         13.644	         14.317	          0.640	         -2.331	          8.321	
#   Normalized (min-max scale)	           E_3d	          E_3dc	        E_local	         E_pair	         E_s3dc	      E_s3dc_dd	      E_s3dc_di	
MODEL_SP_P35869_AHR_HUMAN:34:272_5NJ8_A_2_A_CAGCTGGCTGTG	         -0.000	          0.511	          0.000	          0.196	         13.504	          0.140	          0.355


#Nucleotide scores
    #Nucleotide	           E_3d	          E_3dc	        E_local	         E_pair	         E_s3dc	      E_s3dc_dd	      E_s3dc_di
              1	        -59.827	         -2.575	          2.450	         -2.352	          1.636	         -1.414	          1.415	
              2	        -77.943	         -3.491	          2.831	         -0.696	          0.818	         -0.707	          1.328	
              3	        -97.263	         -3.204	          3.211	          0.230	          0.318	          0.000	          3.003	
              4	       -100.358	         -2.566	          3.211	          1.379	          0.579	          0.000	          2.973	
              5	       -108.244	         -0.839	          2.602	          2.365	          0.338	         -0.140	          0.886	
              6	       -121.155	          2.038	          2.168	          3.080	          0.077	         -0.140	         -0.750	
              7	       -109.302	          0.121	          1.653	          2.757	          0.263	         -0.707	          0.112	
              8	        -77.262	         -2.159	         -0.286	          1.418	          0.263	         -0.707	          0.613	
              9	        -53.378	         -1.529	         -0.773	          1.550	         -0.281	         -0.354	          0.044	
             10	        -37.348	         -0.060	         -0.554	          1.192	         -0.863	          0.035	          0.055	
             11	        -31.996	          0.200	         -1.095	          1.433	         -1.135	          0.742	         -0.592	
             12	        -32.059	         -0.600	         -1.095	          1.570	         -1.107	          0.707	         -0.118	

#Amino-acid scores for chain A
     #Aminoacid	           E_3d	          E_3dc	        E_local	         E_pair	         E_s3dc	      E_s3dc_dd	      E_s3dc_di
            1-A	        -80.351	         -0.861	          4.684	         -0.510	          1.835	          0.000	          2.548	
            2-A	        -76.927	          2.520	          9.129	         -5.254	          0.000	          0.000	          0.000	
            3-A	       -114.268	         -5.667	         -6.585	          3.402	          0.000	          0.000	         -2.387	
            4-A	        -79.105	          2.689	         -4.880	          1.953	         -2.550	          0.500	         -2.728	
            5-A	        -64.425	         -3.433	          6.494	         -0.363	          1.602	         -2.828	          4.172	
            6-A	        -92.727	         -4.257	          0.000	         -3.376	          0.000	          0.000	          0.000	
            7-A	        -97.794	         -5.720	          8.659	          4.363	          1.513	         -1.414	          4.508	
            8-A	        -20.542	          2.000	         -2.439	          2.015	         -1.549	          0.634	         -0.964	
           10-A	        -64.551	         -2.400	          2.256	          7.767	          3.134	         -1.414	          5.180	
           11-A	        -20.542	          2.000	         -0.012	          0.193	          0.000	          0.000	          0.000	
           32-A	        -43.450	          0.971	         -5.816	          4.079	          0.000	          0.000	         -1.966	
           33-A	        -63.865	         -4.889	          2.152	         -3.614	         -3.345	          2.192	         -0.043	
           34-A	        -41.644	          3.971	          0.000	          3.662	          0.000	          0.000	          0.000	

#Normalized scores per nucleotide 
    #Nucleotide	           E_3d	          E_3dc	        E_local	         E_pair	         E_s3dc	      E_s3dc_dd	      E_s3dc_di
              1	          0.688	        -10.190	         14.638	         11.579	         22.185	         28.087	        -15.744	
              2	          0.485	        -13.466	         18.845	         14.914	         28.724	         36.488	        -20.572	
              3	          0.268	        -16.961	         23.331	         18.470	         35.698	         45.447	        -25.720	
              4	          0.233	        -17.521	         24.050	         19.040	         36.815	         46.883	        -26.545	
              5	          0.145	        -18.947	         25.881	         20.492	         39.661	         50.539	        -28.647	
              6	          0.000	        -21.282	         28.879	         22.868	         44.322	         56.526	        -32.087	
              7	          0.133	        -19.138	         26.126	         20.686	         40.043	         51.030	        -28.929	
              8	          0.492	        -13.343	         18.686	         14.789	         28.478	         36.172	        -20.390	
              9	          0.760	         -9.023	         13.140	         10.392	         19.857	         25.097	        -14.025	
             10	          0.940	         -6.124	          9.418	          7.442	         14.071	         17.663	         -9.753	
             11	          1.000	         -5.156	          8.175	          6.457	         12.139	         15.181	         -8.327	
             12	          0.999	         -5.167	          8.190	          6.468	         12.162	         15.211	         -8.344	

#Normalized scores per aminoacid (ratio scaling) for chain A
     #Aminoacid	           E_3d	          E_3dc	        E_local	         E_pair	         E_s3dc	      E_s3dc_dd	      E_s3dc_di
            1-A	          0.362	          0.501	          0.283	          0.636	          0.201	          0.437	          0.667	
            2-A	          0.398	          0.850	          0.000	          1.000	          0.484	          0.437	          0.345	
            3-A	          0.000	          0.006	          1.000	          0.335	          0.484	          0.437	          0.043	
            4-A	          0.375	          0.868	          0.891	          0.447	          0.877	          0.337	          0.000	
            5-A	          0.532	          0.236	          0.168	          0.624	          0.236	          1.000	          0.873	
            6-A	          0.230	          0.151	          0.581	          0.856	          0.484	          0.437	          0.345	
            7-A	          0.176	          0.000	          0.030	          0.261	          0.250	          0.718	          0.915	
            8-A	          1.000	          0.797	          0.736	          0.442	          0.723	          0.310	          0.223	
           10-A	          0.530	          0.343	          0.437	          0.000	          0.000	          0.718	          1.000	
           11-A	          1.000	          0.797	          0.582	          0.582	          0.484	          0.437	          0.345	
           32-A	          0.756	          0.690	          0.951	          0.283	          0.484	          0.437	          0.096	
           33-A	          0.538	          0.086	          0.444	          0.874	          1.000	          0.000	          0.339	
           34-A	          0.775	          1.000	          0.581	          0.315	          0.484	          0.437	          0.345	
